100
307
9344
98
256
273
16
313
9832
95
2454
3550
2480
9
9910
6
2070
7469
45
5981
6458
5903
5528
6314
1940
726
9887
76
1565
2636
2757
3096
9263
2116
690
9849
3
29
9940
4
1411
6675
94
599
9733
8
448
9832
65
415
9785
45
160
9628
29
312
9548
23
2981
9141
1903
888
9425
61
22
9998
5
27
9468
36
68
203
71
765
9870
14
3773
6245
1114
23
9888
7
2632
9331
4486
3725
8551
2907
130
388
53
3910
8408
6049
116
404
16
3
9106
91
558
9198
90
222
9290
58
448
9215
14
4764
9920
8380
683
9483
6
3707
9386
4093
768
9897
58
4608
9747
5139
4746
5027
4079
487
9695
73
376
9113
33
808
9084
1
457
8566
3330
5323
5323
5323
161
9037
90
1222
4841
6916
26
9950
9
7
9954
2
29
9946
8
638
9731
19
1231
5891
1511
182
9357
81
7020
7142
8336
256
9082
3
813
9559
11
962
9835
58
935
9949
58
61
8582
9618
16
9978
1
845
2432
9585
893
9716
24
5747
9686
9072
130
182
26
7557
9292
9740
121
406
56
624
9762
68
3687
6554
7680
2804
8159
85
3354
4525
6359
5359
5521
40
1433
3925
1
297
475
48
2464
7056
14
8614
9637
73
208
3383
4477
2213
2213
2213
493
9569
59
235
440
61
801
7472
891
550
9616
64
1445
5699
76
6
9288
57
8615
9888
861
815
9681
21
6090
8695
1593
327
9401
1
1359
5029
2480
8284
8284
8284
1528
2154
6907
690
9773
23
229
9615
1
63
9305
45
23
9965
3
215
9073
54
70
9690
53
137
9364
7
2
9925
10
